76561198064533271
76561198075051140
76561198029752320
76561198075083379
76561198079183563
76561198009514816
76561198278170997
76561198094096943
76561198058991652
76561198157649182
76561198004960097
76561198055696959
76561198065579294
76561198134818967
76561198058824213
76561198075008213
76561198109316345
76561198071162616
76561198033300017
76561198058110252
76561198010283300
76561198048794091
76561198015781204
76561198136074681
76561198117018264
76561198087697643
76561198023950757
76561198026660974
76561198027109105
76561198110245529
76561198044194576
76561198074249741
76561198123498491
76561197998983821
76561198110883887
76561197963438590
76561198397567726
76561198056584201
76561198065650829
76561198066785957
76561198041989127
76561198077416440
76561198060703792
76561198098542109
76561198068182639
76561198053905086
76561198057172324
76561198055050782
76561198273388520
76561198073704985
76561198045314707
76561198121131750
76561198002279448
76561198003984645
76561198358487102
76561198445118200
76561198078555604
76561198212582349
76561198122564165
76561198006240017
76561198935017259
76561198027200236
76561198019977321
76561198006653754
76561198094093929
76561198823003137
76561198133002967
76561198079177029
76561198090600111
76561198037823225
76561198122886728
76561198181196815
76561197990211057
76561199024583733
76561198015637020
76561198800396170
76561199407376179
76561198062999495
76561198864089491
76561198375359568
76561198044466673
76561198050993066
76561199079133726
76561198035061541
76561198982607454
76561199113152293
76561198106656980
76561198172722113
76561199216775672
76561198109066487
76561198967431175
76561198114214388
76561198064441944
76561198335981222
76561198031237888
76561198065148529
76561198058957236
76561197980213553
76561198354175013
76561198099622909
76561198139551893
76561198153701258
76561198088258840
76561198080493727
76561198185588122
76561198149990346
76561198087614652
76561198243130410
76561198038934082
76561198019251492
76561198060071629
76561198120380456
76561198047578666
76561198433263835
76561198880528275
76561198027670039
76561198094540458
76561198001906085
76561198117445815
76561198062999495
76561198004004202
76561198034473526
76561198050419306
76561198010967554
76561198854203994
76561199037100622
76561198032940955
76561197986725885
76561197999420473
76561198261438692
76561198137330054
76561197991504790
76561198970335726
76561198167247345
76561199085474228
76561198307041475
76561198832924137
76561198068386985
76561198264733998
76561197998189243
76561198064201715
76561197977736539
76561198022441497
76561199377173354
76561198056114641
76561198064407013
76561198021883060
76561198114804460
76561199110936315
76561198038576462
76561198048147688
76561198037354679
76561198036247930